9.4150 0.096
9.4410 0.097
9.3630 0.097
9.4480 0.096
9.2820 0.096
9.4930 0.099
9.1870 0.096
9.3880 0.097
9.4250 0.097
9.3930 0.097
9.3950 0.097
9.4430 0.099
9.2680 0.096
9.4190 0.097
9.2760 0.098
9.3690 0.096
9.3120 0.097
9.4200 0.098
9.3660 0.097
9.5510 0.098
9.5100 0.097
9.1450 0.097
9.4070 0.098
9.3020 0.096
9.3700 0.097
9.3020 0.097
9.2320 0.097
9.5760 0.097
9.3300 0.097
9.4390 0.098
9.3180 0.097
9.3150 0.096
9.4030 0.097
9.5050 0.097
9.2930 0.097
9.3910 0.097
9.3940 0.098
9.3540 0.096
9.4970 0.098
9.3290 0.097
9.4070 0.096
9.3490 0.098
9.3520 0.096
9.3720 0.097
9.2900 0.098
9.2850 0.096
9.3670 0.097
9.3820 0.097
9.3710 0.096
9.1520 0.096
9.3470 0.097
9.3320 0.097
9.2100 0.097
9.2280 0.096
9.3210 0.096
9.2550 0.096
9.3550 0.097
9.4190 0.097
9.4000 0.097
9.3360 0.097
9.4210 0.097
9.5040 0.097
9.5070 0.096
9.3460 0.096
9.3660 0.097
9.3280 0.096
9.4980 0.099
9.4310 0.097
9.3850 0.097
9.4950 0.097
9.3790 0.097
9.4240 0.099
9.3070 0.096
9.2500 0.097
9.2720 0.097
9.4470 0.096
9.1700 0.097
9.5240 0.098
9.3330 0.096
9.3000 0.097
9.3270 0.096
9.3890 0.098
9.4510 0.096
9.4220 0.098
9.3910 0.099
9.3470 0.097
9.4710 0.096
9.3240 0.097
9.5080 0.098
9.3800 0.097
9.3890 0.069
9.4580 0.069
9.3190 0.070
9.4270 0.069
9.3900 0.070
9.3780 0.070
9.3650 0.069
9.4180 0.070
9.3860 0.069
9.4110 0.069
9.3420 0.069
9.2770 0.070
9.3530 0.069
9.3410 0.069
9.3530 0.070
9.3990 0.069
9.3580 0.070
9.3610 0.069
9.4520 0.070
9.5240 0.070
9.4450 0.069
9.3370 0.069
9.3140 0.070
9.3000 0.070
9.3190 0.070
9.3710 0.070
9.3250 0.069
9.3320 0.070
9.3140 0.070
9.3970 0.069
9.2120 0.070
9.3680 0.070
9.4590 0.069
9.4980 0.070
9.2000 0.069
9.4430 0.069
9.4850 0.071
9.3450 0.069
9.3970 0.071
9.3770 0.069
9.3710 0.069
9.2760 0.070
9.4050 0.070
9.4070 0.070
9.4170 0.070
9.3890 0.069
9.3530 0.070
9.2510 0.069
9.3960 0.069
9.3670 0.069
9.3800 0.070
9.5000 0.069
9.3330 0.070
9.4100 0.069
9.3790 0.069
9.4150 0.069
9.3430 0.070
9.3240 0.071
9.4070 0.069
9.4060 0.031
9.3230 0.031
